$ 1 0.000005 15.472767971186109 50 5 43
a 240 240 336 240 8 5 -5 1000000 -9.441995259891585e-21 -9.442184099796783e-21 100000
r 416 192 576 192 0 24000
c 416 160 464 160 0 1.0000000000000001e-7 -0.36871365690270286
c 464 160 512 160 0 1.0000000000000001e-7 0.3687136568786254
w 416 160 416 192 0
w 416 192 416 240 0
w 512 256 576 256 0
w 576 256 576 192 0
w 576 192 576 160 0
r 464 64 384 64 0 10000
w 464 64 464 160 0
d 464 64 560 64 2 default
g 416 272 416 288 0
r 336 240 416 240 0 24000
g 560 64 560 80 0
174 512 160 576 160 0 1000 0.5 Resonance
w 544 144 544 128 0
w 544 128 576 128 0
w 576 128 576 160 0
a 416 256 512 256 8 5 -5 1000000 -2.4094896099525654e-16 0 100000
174 144 112 160 160 0 1000 0.5 Cutoff
a 288 64 384 64 8 5 -5 1000000 1.25150144294199 1.251526472970849 100000
w 288 48 288 16 0
w 384 16 384 64 0
r 160 144 256 144 0 100000
r 192 256 128 256 0 100000
r 192 288 128 288 0 100000
r 128 304 128 368 0 1000
r 80 304 80 368 0 1000
w 80 304 80 256 0
w 80 256 128 256 0
w 128 288 128 304 0
w 128 288 64 288 0
w 80 256 64 256 0
w 192 288 192 256 0
w 192 256 240 256 0
w 240 224 240 192 0
w 336 192 336 240 0
r 160 64 256 64 0 100000
174 0 16 48 32 0 1000 0.5 Slope
w 32 80 -16 80 0
R 144 112 144 96 0 0 40 5 0 0 0.5
g 144 176 144 192 0
w 256 144 256 80 0
w 256 80 256 64 0
w 256 80 288 80 0
w 160 64 128 64 0
g 128 368 128 384 0
g 80 368 80 384 0
r 576 256 656 256 0 100
r 576 288 656 288 0 100
r 576 320 656 320 0 100
w 576 256 576 288 0
w 576 288 576 320 0
g -128 192 -128 208 0
g -80 192 -80 208 0
w -128 80 -144 80 0
w -80 112 -144 112 0
w -80 112 -80 128 0
w -128 80 -80 80 0
w -128 128 -128 80 0
r -128 128 -128 192 0 1000
r -80 128 -80 192 0 1000
r -16 112 -80 112 0 100000
r -16 80 -80 80 0 100000
w -16 112 -16 80 0
x -198 84 -154 87 4 18 env\s1
x -199 116 -155 119 4 18 env\s2
x -1 262 53 265 4 18 input\s1
x 0 292 54 295 4 18 input\s2
x 30 1 59 4 4 18 10k
x 588 147 617 150 4 18 10k
x 94 178 123 181 4 18 10k
r 384 16 288 16 0 10000
r 288 16 192 16 0 10000
g 192 16 192 32 0
r 336 192 240 192 0 10000
r 240 192 176 192 0 10000
g 176 192 176 208 0
c 288 352 288 304 0 1.0000000000000001e-7 -5
g 288 352 288 368 0
R 288 304 288 288 0 0 40 5 0 0 0.5
R 352 304 352 288 0 0 40 -5 0 0 0.5
g 352 352 352 368 0
c 352 352 352 304 0 1.0000000000000001e-7 5
x 667 261 707 264 4 18 out\s1
x 667 293 707 296 4 18 out\s2
x 667 323 707 326 4 18 out\s3
x 588 127 709 130 4 24 Resonance
x 63 160 126 163 4 24 Cutoff
x 20 -18 61 -15 4 24 Env
a 32 64 128 64 8 5 -5 1000000 -9.441995259891585e-21 -9.442184099796783e-21 100000
g 0 16 0 32 0
w 32 32 32 48 0
w 64 16 128 16 0
w 128 16 128 64 0
