$ 1 0.000005 15.472767971186109 50 5 43
a 240 240 336 240 8 5 -5 1000000 0 0 100000
r 416 192 576 192 0 24000
c 416 160 464 160 0 1.0000000000000001e-7 0.001
c 464 160 512 160 0 1.0000000000000001e-7 0.001
w 416 160 416 192 0
w 416 192 416 240 0
w 512 256 576 256 0
w 576 256 576 192 0
w 576 192 576 160 0
r 464 64 384 64 0 10000
w 464 64 464 160 0
d 464 64 560 64 2 default
g 416 272 416 288 0
r 336 240 416 240 0 24000
g 560 64 560 80 0
174 512 160 576 160 0 1000 0.5 Resonance
w 544 144 544 128 0
w 544 128 576 128 0
w 576 128 576 160 0
a 416 256 512 256 8 5 -5 1000000 0 0 100000
174 144 112 160 160 0 1000 0.5 Cutoff
a 288 64 384 64 8 5 -5 1000000 0 0 100000
w 288 48 288 16 0
w 384 16 384 64 0
r 160 144 256 144 0 100000
r 192 256 128 256 0 100000
r 192 288 128 288 0 100000
r 128 304 128 368 0 1000
r 80 304 80 368 0 1000
w 80 304 80 256 0
w 80 256 128 256 0
w 128 288 128 304 0
w 128 288 64 288 0
w 80 256 64 256 0
w 192 288 192 256 0
w 192 256 240 256 0
w 240 224 240 192 0
w 336 192 336 240 0
r 160 64 256 64 0 100000
174 112 32 128 80 0 1000 0.5 Slope
g 112 96 112 112 0
w 112 32 64 32 0
R 144 112 144 96 0 0 40 5 0 0 0.5
g 144 176 144 192 0
w 256 144 256 80 0
w 256 80 256 64 0
w 256 80 288 80 0
w 160 64 128 64 0
g 128 368 128 384 0
g 80 368 80 384 0
r 576 256 656 256 0 100
r 576 288 656 288 0 100
r 576 320 656 320 0 100
w 576 256 576 288 0
w 576 288 576 320 0
g -48 144 -48 160 0
g 0 144 0 160 0
w -48 32 -64 32 0
w 0 64 -64 64 0
w 0 64 0 80 0
w -48 32 0 32 0
w -48 80 -48 32 0
r -48 80 -48 144 0 1000
r 0 80 0 144 0 1000
r 64 64 0 64 0 100000
r 64 32 0 32 0 100000
w 64 64 64 32 0
x -118 36 -74 39 4 18 env\s1
x -119 68 -75 71 4 18 env\s2
x -1 262 53 265 4 18 input\s1
x 0 292 54 295 4 18 input\s2
x 127 45 156 48 4 18 10k
x 588 147 617 150 4 18 10k
x 94 178 123 181 4 18 10k
r 384 16 288 16 0 10000
r 288 16 192 16 0 10000
g 192 16 192 32 0
r 336 192 240 192 0 10000
r 240 192 176 192 0 10000
g 176 192 176 208 0
c 288 352 288 304 0 1.0000000000000001e-7 0.001
g 288 352 288 368 0
R 288 304 288 288 0 0 40 5 0 0 0.5
R 352 304 352 288 0 0 40 -5 0 0 0.5
g 352 352 352 368 0
c 352 352 352 304 0 1.0000000000000001e-7 0.001
x 667 261 707 264 4 18 out\s1
x 667 293 707 296 4 18 out\s2
x 667 323 707 326 4 18 out\s3
x 588 127 709 130 4 24 Resonance
x 63 162 126 165 4 24 Cutoff
x 108 25 149 28 4 24 Env
