$ 1 0.001 4.078577355933338 50 5 43
165 176 192 208 192 2 0
t -272 304 -240 304 0 1 0 0 100
t -128 304 -96 304 0 1 0 0 100
t 16 304 48 304 0 1 0 0 100
r -272 304 -336 304 0 10000
r -128 304 -192 304 0 24000
r 16 304 -48 304 0 10000
g -240 320 -240 336 0
g -96 320 -96 336 0
g 48 320 48 336 0
r -240 256 -240 176 0 10000
r -96 256 -96 176 0 10000
r 48 256 48 176 0 10000
w -240 176 -96 176 0
w -96 176 48 176 0
w -240 256 -240 288 0
w -96 256 -96 288 0
w 48 256 48 288 0
w -240 256 -192 256 0
w -192 256 -192 304 0
R 240 160 240 128 0 0 40 5 0 0 0.5
c -96 288 -48 288 0 1e-8 0.001
d -48 352 -48 304 2 default
g -48 352 -48 368 0
w -48 288 -48 304 0
w 176 288 96 288 0
w 96 288 96 256 0
w 96 256 48 256 0
R -240 176 -240 144 0 0 40 5 0 0 0.5
w -96 256 -32 256 0
w -32 256 -32 96 0
w -32 96 320 96 0
w 320 224 304 224 0
c 240 352 240 416 0 1e-8 0.001
g 240 416 240 432 0
174 432 128 496 128 0 100000 0.5 Release
174 432 176 496 176 0 100000 0.49010000000000004 Attack
174 416 256 416 320 0 10000 0.5 Sustain
174 432 288 496 272 0 100000 0.49010000000000004 Decay
d 544 128 496 128 2 default
d 496 176 544 176 2 default
r 544 128 592 128 0 100
r 544 176 592 176 0 100
d 544 288 496 288 2 default
r 544 288 592 288 0 100
w 464 96 496 96 0
w 496 96 496 128 0
w 464 144 496 144 0
w 496 144 496 176 0
w 464 256 496 256 0
w 496 256 496 288 0
c 592 336 592 400 0 0.000022 0.001
g 592 400 592 416 0
r 416 96 416 32 0 10000
R 416 32 416 0 0 0 40 5 0 0 0.5
w 416 96 416 256 0
w 176 320 176 464 0
w 176 464 528 464 0
w 528 464 528 336 0
w 528 336 592 336 0
w 592 336 592 288 0
w 592 288 592 176 0
w 592 176 592 128 0
w 432 128 320 128 0
w 320 224 320 128 0
w 320 128 320 96 0
w 432 176 352 176 0
w 352 176 352 256 0
w 352 256 304 256 0
w 176 224 128 224 0
w 128 224 128 480 0
w 128 480 416 480 0
w 416 480 416 320 0
w 464 256 464 272 0
w 464 144 464 160 0
w 464 96 464 112 0
d -384 352 -336 352 2 default
d -384 304 -336 304 2 default
w -336 352 -336 304 0
a 656 160 736 160 8 15 -15 1000000 0 0 100000
w 656 144 656 112 0
w 656 112 736 112 0
w 736 112 736 160 0
w 656 176 592 176 0
w 736 160 752 160 0
r 752 160 816 160 0 100
r 752 192 816 192 0 100
r 752 224 816 224 0 100
w 752 160 752 192 0
w 752 192 752 224 0
w 816 160 848 160 0
w 816 192 848 192 0
w 816 224 848 224 0
x -456 308 -396 311 4 24 Trig\s1
x -454 357 -394 360 4 24 Trig\s2
x 858 165 916 168 4 24 Out\s1
x 860 198 918 201 4 24 Out\s2
x 861 229 919 232 4 24 Out\s3
x 458 90 573 93 4 18 Release,\s100k
x 456 203 555 206 4 18 Attack,\s100k
x 462 248 560 251 4 18 Decay,\s100k
x 302 295 401 298 4 18 Sustain,\s10k
c 688 352 688 304 0 1.0000000000000001e-7 -5
g 688 352 688 368 0
R 688 304 688 288 0 0 40 5 0 0 0.5
R 752 304 752 288 0 0 40 -5 0 0 0.5
g 752 352 752 368 0
c 752 352 752 304 0 1.0000000000000001e-7 5
o 60 64 0 4098 5 0.00078125 0 2 60 3
