$ 1 0.000005 0.8031194996067259 50 5 43
a 48 176 144 176 8 5 -5 1000000 0 0 100000
a 240 192 320 192 8 5 -5 1000000 0 0 100000
r 144 272 240 272 0 24000
r 240 272 320 272 0 24000
r -80 160 -144 160 0 24000
r -80 192 -144 192 0 24000
r -80 192 -80 256 0 24000
r 0 160 0 368 0 1000
w 32 160 48 160 0
w 48 192 -80 192 0
w -144 160 -144 176 0
w -144 192 -144 176 0
g -80 256 -80 272 0
t 32 384 0 384 0 1 0 0 100
g 0 400 0 416 0
w 144 176 240 176 0
w 240 208 240 272 0
w 320 272 320 192 0
r 144 272 144 224 0 10000
r 144 272 144 320 0 10000
g 144 320 144 336 0
R 144 224 144 192 0 0 40 5 0 0 0.5
r 32 384 320 384 0 24000
w 320 272 320 384 0
c 32 112 144 112 0 1e-8 0.001
w 32 112 32 160 0
w 144 112 144 176 0
w 32 160 0 160 0
w 0 160 -80 160 0
S 592 128 544 128 0 1 false 0 2
w 352 112 144 112 0
a 448 272 544 272 8 15 -15 1000000 0 0 100000
R 368 304 368 272 0 0 40 5 0 0 0.5
w 352 112 352 256 0
w 352 256 448 256 0
w 544 272 544 144 0
174 368 304 384 368 0 1000 0.5 PW
r 384 336 448 336 0 100000
r 448 432 384 432 0 100000
r 384 432 384 496 0 1000
g 384 496 384 512 0
w 448 432 448 336 0
w 448 336 448 288 0
w 352 112 544 112 0
R 368 368 368 400 0 0 40 -5 0 0 0.5
w 752 144 784 144 0
w 384 432 352 432 0
r 784 144 864 144 0 100
r 784 176 864 176 0 100
w 784 144 784 176 0
a 656 144 752 144 8 15 -15 1000000 0 0 100000
174 608 128 624 192 0 1000 0.5 Velocity
w 592 128 608 128 0
g 608 192 608 208 0
w 624 160 656 160 0
w 656 128 656 96 0
w 656 96 752 96 0
w 752 96 752 144 0
r 16 -224 96 -224 0 100000
r 16 -192 96 -192 0 100000
r 16 -160 96 -160 0 100000
r 16 -80 96 -80 0 100000
174 0 -112 16 -48 0 1000 0.5297000000000001 Detune
r -48 -128 -48 -64 0 1000
r -80 -128 -80 -64 0 1000
r -112 -128 -112 -64 0 1000
g -48 -64 -48 -48 0
g -80 -64 -80 -48 0
g -112 -64 -112 -48 0
w 16 -160 -48 -160 0
w -48 -160 -48 -128 0
w -80 -128 -80 -192 0
w -80 -192 16 -192 0
w 16 -224 -112 -224 0
w -112 -224 -112 -128 0
w 96 -80 96 -160 0
w 96 -160 96 -192 0
w 96 -192 96 -224 0
R 0 -112 0 -144 0 0 40 5 0 0 0.5
w -48 -160 -144 -160 0
w -80 -192 -144 -192 0
w -112 -224 -144 -224 0
a 128 -208 224 -208 8 5 -5 1000000 0 0 100000
174 128 -256 224 -272 0 10000 0.5 Resistance
w 128 -256 128 -224 0
w 176 -272 176 -288 0
w 176 -288 224 -288 0
w 224 -288 224 -256 0
w 224 -256 224 -208 0
w 128 -224 96 -224 0
g 128 -192 128 -176 0
t 352 -208 384 -208 0 1 0 0 500
t 448 -208 416 -208 0 1 0 0 500
w 416 -192 400 -192 0
w 400 -192 384 -192 0
r 400 -192 400 -128 0 1000
r 384 -240 384 -288 0 1000000
R 384 -288 384 -320 0 0 40 5 0 0 0.5
w 384 -240 384 -224 0
w 352 -208 224 -208 0
w 384 -240 304 -240 0
w 304 -240 304 -64 0
g 464 -208 464 -192 0
w 464 -208 448 -208 0
a 304 -16 400 -16 8 5 -5 1000000 0 0 100000
g 304 0 304 16 0
c 304 -64 400 -64 0 1e-9 0.001
w 400 -64 400 -16 0
w 304 -64 304 -32 0
w 400 -128 400 -64 0
a 528 -224 624 -224 8 5 -5 1000000 0 0 100000
g 528 -208 528 -192 0
r 528 -288 608 -288 0 24000
174 608 -288 672 -304 0 10000 0.5 Resistance
w 608 -288 608 -320 0
w 608 -320 640 -320 0
w 640 -320 640 -304 0
w 528 -288 528 -240 0
w 624 -224 672 -224 0
w 672 -224 672 -288 0
w 528 -240 416 -240 0
w 416 -240 416 -224 0
w 672 -224 672 48 0
w 672 48 -144 48 0
w -144 48 -144 160 0
x -207 -217 -161 -214 4 24 CV1
x -207 -185 -161 -182 4 24 CV2
x -206 -154 -160 -151 4 24 CV3
x 142 -303 220 -300 4 24 TUNE1
x 586 -334 664 -331 4 24 TUNE2
x 581 246 639 249 4 24 GAIN
x 303 439 341 442 4 24 PW
x 878 150 942 153 4 24 OUT1
x 880 181 944 184 4 24 OUT2
R 0 -48 0 -16 0 0 40 -5 0 0 0.5
x 507 92 602 95 4 24 SAW/SQ
